My Name:
Reza :)
End of Transmission
Game:
23 994 3 6 1 1 
End of Transmission
My Position:
-134.5999999999999 -399.40000000000003
End of Transmission
Chicken Positions:
1 772.857741898148 -300.0;1 622.8946759259261 -300.0;1 472.9139027777778 -300.0;1 172.93575231481483 -300.0;1 -427.0478703703707 -300.0;1 772.9789120370366 -225.0;1 622.9829687499996 -225.0;1 472.99965972222225 -225.0;1 173.0603414351852 -225.0;1 -426.92990046296285 -225.0;1 773.0931712962965 -150.0;1 623.0962905092592 -150.0;1 473.1135486111111 -150.0;1 -426.8560833333333 -150.0;1 773.153863425926 -75.0;1 623.1684282407407 -75.0;1 473.1807835648147 -75.0;1 -426.7940752314814 -75.0;1 773.2221539351855 0.0;1 623.232369212963 0.0;1 473.25753819444446 0.0;1 -426.71604282407407 0.0
End of Transmission
My Name:
Mary ;)
End of Transmission
Game:
9 999 3 1 1 1 
End of Transmission
My Position:
0.0 0.0
End of Transmission
Chicken Positions:
1 828.875050925926 -300.0;1 678.8773599537036 -300.0;1 528.8750381944443 -300.0;1 378.8803715277778 -300.0;1 228.88019212962965 -300.0;1 78.87997685185185 -300.0;1 -71.12155787037035 -300.0;1 -221.12818981481473 -300.0;1 -371.1378564814815 -300.0;1 828.8631747685184 -225.0;1 678.866 -225.0;1 528.8670011574075 -225.0;1 378.8638773148149 -225.0;1 228.86006365740738 -225.0;1 78.85273379629629 -225.0;1 -71.14513773148148 -225.0;1 -221.1433819444444 -225.0;1 -371.14654282407406 -225.0;1 828.8974560185184 -150.0;1 678.9026307870367 -150.0;1 528.8988217592592 -150.0;1 378.90095254629637 -150.0;1 228.90734490740738 -150.0;1 -71.07458101851854 -150.0;1 -221.0704143518518 -150.0;1 -371.0797685185184 -150.0;1 828.9202314814813 -75.0;1 678.921608796296 -75.0;1 528.921608796296 -75.0;1 378.91377199074077 -75.0;1 228.91967824074075 -75.0;1 -221.08032175925925 -75.0;1 828.9157442129627 0.0;1 678.9227696759259 0.0;1 228.92693634259254 0.0;1 -371.0762083333333 0.0
End of Transmission
End of File
